 YR   MON  NINO1+2  ANOM   NINO3    ANOM   NINO4    ANOM   NINO3.4  ANOM
1950   1   23.01   -1.53   23.56   -2.11   26.94   -1.30   24.55   -2.00
1950   2   24.32   -1.70   24.89   -1.52   26.67   -1.43   25.06   -1.68
1950   3   25.11   -1.31   26.36   -0.80   26.52   -1.68   25.87   -1.37
1950   4   23.63   -1.83   26.44   -1.04   26.90   -1.55   26.28   -1.43
1950   5   22.68   -1.59   25.69   -1.47   27.73   -1.01   26.18   -1.63
1950   6   21.33   -1.68   25.51   -0.99   28.13   -0.65   26.46   -1.13
1950   7   20.31   -1.62   24.91   -0.78   27.64   -1.09   26.29   -0.89
1950   8   20.12   -0.89   24.47   -0.63   27.54   -1.11   25.88   -0.95
1950   9   19.56   -1.18   24.01   -0.92   27.27   -1.39   25.74   -0.99
1950  10   19.99   -1.06   24.17   -0.78   27.13   -1.51   25.69   -0.98
1950  11   19.85   -1.85   23.86   -1.17   26.99   -1.56   25.47   -1.16
1950  12   21.72   -1.16   24.15   -1.05   27.14   -1.30   25.29   -1.27
1951   1   24.11   -0.44   24.79   -0.87   27.21   -1.02   25.24   -1.31
1951   2   25.19   -0.83   25.65   -0.76   27.09   -1.01   25.71   -1.03
1951   3   25.74   -0.68   26.87   -0.28   27.74   -0.47   26.90   -0.33
1951   4   25.29   -0.18   27.37   -0.11   28.21   -0.24   27.58   -0.13
1951   5   24.59    0.33   27.07   -0.09   29.18    0.43   27.92    0.11
1951   6   24.61    1.60   26.66    0.16   29.05    0.26   27.73    0.14
1951   7   23.82    1.89   26.42    0.73   29.12    0.39   27.60    0.42
1951   8   22.18    1.16   25.52    0.43   28.53   -0.11   27.02    0.19
1951   9   21.29    0.55   25.36    0.43   28.64   -0.02   27.23    0.50
1951  10   21.74    0.69   25.58    0.62   28.54   -0.10   27.20    0.53
1951  11   22.34    0.64   25.91    0.87   28.65    0.10   27.25    0.63
1951  12   22.83   -0.05   25.84    0.64   28.58    0.14   26.91    0.35
1952   1   24.36   -0.19   25.80    0.13   28.28    0.04   26.67    0.12
1952   2   26.02   -0.00   26.37   -0.04   28.04   -0.06   26.74    0.00
1952   3   26.08   -0.34   27.05   -0.10   27.98   -0.22   27.17   -0.06
1952   4   24.44   -1.03   27.27   -0.21   28.47    0.02   27.80    0.09
1952   5   23.48   -0.78   26.64   -0.52   28.67   -0.08   27.79   -0.02
1952   6   21.93   -1.08   25.70   -0.80   28.49   -0.29   27.18   -0.41
1952   7   20.73   -1.20   24.82   -0.87   28.12   -0.61   26.53   -0.65
1952   8   19.89   -1.12   24.44   -0.66   28.00   -0.65   26.30   -0.54
1952   9   19.37   -1.37   24.26   -0.67   28.39   -0.26   26.36   -0.37
1952  10   20.37   -0.68   24.36   -0.59   28.06   -0.58   26.26   -0.41
1952  11   20.83   -0.86   24.07   -0.96   28.16   -0.40   25.92   -0.71
1952  12   22.31   -0.58   24.67   -0.53   27.84   -0.60   26.21   -0.35
1953   1   24.13   -0.42   25.72    0.06   27.97   -0.26   26.74    0.19
1953   2   26.27    0.25   26.63    0.22   27.98   -0.12   27.00    0.25
1953   3   27.22    0.81   27.52    0.36   28.03   -0.17   27.57    0.34
1953   4   27.00    1.54   27.72    0.23   28.49    0.04   28.04    0.33
1953   5   25.43    1.16   27.37    0.21   28.92    0.17   28.28    0.47
1953   6   23.43    0.42   26.88    0.38   29.15    0.36   28.12    0.53
1953   7   21.96    0.03   25.74    0.05   28.84    0.11   27.43    0.25
1953   8   21.18    0.17   25.06   -0.04   28.57   -0.07   26.94    0.11
1953   9   21.06    0.32   25.19    0.26   28.30   -0.35   27.01    0.28
1953  10   20.84   -0.21   25.10    0.15   28.66    0.02   26.87    0.20
1953  11   21.51   -0.18   25.15    0.11   28.59    0.03   26.88    0.25
1953  12   22.22   -0.66   25.43    0.23   28.57    0.13   27.00    0.44
1954   1   22.66   -1.89   25.50   -0.17   28.36    0.13   26.98    0.43
1954   2   24.88   -1.14   26.27   -0.13   28.17    0.07   27.03    0.29
1954   3   25.17   -1.25   26.56   -0.60   27.97   -0.23   26.90   -0.33
1954   4   22.45   -3.02   25.61   -1.87   27.92   -0.53   26.64   -1.06
1954   5   21.43   -2.83   25.62   -1.54   28.21   -0.54   27.12   -0.69
1954   6   20.66   -2.35   25.04   -1.46   28.17   -0.62   26.80   -0.79
1954   7   19.13   -2.80   24.35   -1.34   27.81   -0.92   26.11   -1.07
1954   8   19.31   -1.70   23.56   -1.54   27.63   -1.02   25.43   -1.41
1954   9   19.02   -1.72   23.17   -1.76   27.49   -1.17   25.12   -1.61
1954  10   18.98   -2.07   23.32   -1.63   27.28   -1.36   25.23   -1.44
1954  11   20.20   -1.49   23.64   -1.39   27.54   -1.02   25.57   -1.06
1954  12   21.34   -1.54   23.68   -1.52   27.30   -1.14   25.26   -1.30
1955   1   23.72   -0.82   24.80   -0.87   27.41   -0.83   25.61   -0.94
1955   2   24.97   -1.05   25.70   -0.71   27.11   -0.99   25.81   -0.94
1955   3   25.12   -1.30   26.30   -0.86   27.09   -1.11   26.22   -1.01
1955   4   24.30   -1.17   26.27   -1.21   27.57   -0.88   26.60   -1.11
1955   5   22.26   -2.01   25.43   -1.73   27.82   -0.93   26.66   -1.15
1955   6   21.20   -1.81   24.93   -1.57   28.01   -0.78   26.55   -1.04
1955   7   20.52   -1.41   24.40   -1.29   28.04   -0.69   26.15   -1.03
1955   8   19.46   -1.55   23.66   -1.44   27.54   -1.11   25.51   -1.33
1955   9   19.26   -1.48   23.22   -1.71   27.41   -1.24   25.28   -1.44
1955  10   19.20   -1.85   22.58   -2.37   26.76   -1.88   24.41   -2.26
1955  11   19.83   -1.87   22.71   -2.33   26.69   -1.87   24.25   -2.37
1955  12   21.12   -1.76   23.14   -2.07   27.09   -1.35   24.57   -1.99
1956   1   23.26   -1.29   24.60   -1.06   27.04   -1.20   25.34   -1.21
1956   2   24.90   -1.12   25.70   -0.70   27.01   -1.09   25.76   -0.98
1956   3   25.73   -0.68   26.67   -0.49   27.22   -0.98   26.46   -0.78
1956   4   24.39   -1.08   26.92   -0.56   27.53   -0.92   26.85   -0.86
1956   5   23.21   -1.05   26.49   -0.67   28.00   -0.74   27.13   -0.68
1956   6   22.19   -0.82   25.77   -0.73   28.18   -0.61   26.81   -0.78
1956   7   21.82   -0.10   24.78   -0.91   27.86   -0.87   26.23   -0.95
1956   8   20.57   -0.44   24.06   -1.04   27.33   -1.31   25.68   -1.15
1956   9   19.72   -1.02   23.88   -1.06   27.34   -1.32   25.73   -0.99
1956  10   19.82   -1.23   23.91   -1.04   27.64   -1.00   25.75   -0.93
1956  11   20.59   -1.10   23.77   -1.27   27.89   -0.67   25.56   -1.07
1956  12   21.49   -1.39   24.02   -1.18   27.89   -0.55   25.71   -0.85
1957   1   22.90   -1.64   24.94   -0.73   27.71   -0.53   26.04   -0.51
1957   2   26.17    0.15   26.20   -0.20   27.72   -0.37   26.54   -0.21
1957   3   27.27    0.85   27.47    0.31   27.87   -0.33   27.46    0.22
1957   4   26.66    1.19   27.86    0.38   28.57    0.12   28.23    0.52
1957   5   26.82    2.55   27.79    0.63   28.93    0.18   28.55    0.74
1957   6   25.14    2.13   27.31    0.81   28.59   -0.20   28.36    0.77
1957   7   23.82    1.89   26.88    1.19   28.34   -0.39   28.17    0.99
1957   8   22.20    1.19   26.00    0.90   28.75    0.11   27.69    0.86
1957   9   21.64    0.90   25.55    0.62   28.65   -0.01   27.44    0.71
1957  10   21.64    0.59   25.60    0.64   28.78    0.14   27.42    0.74
1957  11   22.21    0.52   26.01    0.98   28.76    0.21   27.62    0.99
1957  12   23.47    0.59   26.48    1.28   28.88    0.44   27.90    1.34
1958   1   24.70    0.16   26.96    1.29   29.05    0.81   28.33    1.78
1958   2   26.36    0.34   27.44    1.03   29.12    1.02   28.24    1.50
1958   3   26.96    0.55   27.72    0.57   28.99    0.79   28.27    1.03
1958   4   26.25    0.78   27.81    0.33   28.90    0.45   28.27    0.57
1958   5   24.54    0.27   27.29    0.13   28.98    0.24   28.31    0.50
1958   6   23.10    0.09   26.57    0.07   28.99    0.20   27.99    0.40
1958   7   22.02    0.09   25.56   -0.13   28.83    0.10   27.32    0.14
1958   8   20.59   -0.43   24.91   -0.19   28.65    0.00   26.85    0.01
1958   9   20.32   -0.42   24.39   -0.54   28.61   -0.04   26.40   -0.33
1958  10   20.82   -0.23   24.48   -0.47   28.77    0.13   26.45   -0.23
1958  11   21.28   -0.42   24.89   -0.15   28.67    0.12   26.75    0.13
1958  12   22.31   -0.57   24.81   -0.39   28.65    0.21   26.62    0.05
1959   1   23.69   -0.86   25.58   -0.08   28.37    0.13   27.07    0.52
1959   2   25.63   -0.39   26.35   -0.06   27.99   -0.11   27.18    0.44
1959   3   26.83    0.41   27.07   -0.08   28.00   -0.21   27.47    0.24
1959   4   25.66    0.19   27.45   -0.03   28.45   -0.00   27.88    0.17
1959   5   24.02   -0.24   26.84   -0.31   28.66   -0.09   27.70   -0.11
1959   6   22.50   -0.51   26.07   -0.44   28.52   -0.27   27.37   -0.22
1959   7   21.39   -0.53   24.95   -0.74   28.27   -0.47   26.44   -0.74
1959   8   19.99   -1.02   24.25   -0.85   28.25   -0.40   26.09   -0.74
1959   9   20.11   -0.62   24.17   -0.76   28.20   -0.46   25.92   -0.81
1959  10   20.72   -0.33   24.54   -0.41   28.32   -0.32   26.24   -0.43
1959  11   21.76    0.06   24.57   -0.46   28.04   -0.52   26.04   -0.58
1959  12   22.58   -0.30   24.75   -0.45   28.03   -0.41   26.18   -0.38
1960   1   24.23   -0.31   25.31   -0.35   27.62   -0.62   26.27   -0.29
1960   2   25.68   -0.34   25.93   -0.47   27.44   -0.65   26.29   -0.45
1960   3   26.24   -0.18   26.87   -0.29   27.75   -0.45   26.98   -0.25
1960   4   24.43   -1.04   27.15   -0.33   28.01   -0.44   27.49   -0.22
1960   5   23.33   -0.94   26.71   -0.45   28.42   -0.33   27.68   -0.13
1960   6   21.71   -1.30   25.86   -0.64   28.33   -0.46   27.24   -0.35
1960   7   20.64   -1.29   25.21   -0.48   28.15   -0.58   26.88   -0.30
1960   8   19.99   -1.03   24.79   -0.31   28.06   -0.58   26.70   -0.13
1960   9   20.46   -0.28   24.57   -0.37   28.05   -0.60   26.44   -0.29
1960  10   20.11   -0.94   24.11   -0.84   28.16   -0.48   26.22   -0.45
1960  11   21.06   -0.64   24.16   -0.88   28.32   -0.24   26.26   -0.37
1960  12   22.52   -0.36   24.57   -0.63   28.41   -0.03   26.22   -0.34
1961   1   24.49   -0.05   25.11   -0.56   27.97   -0.27   26.23   -0.32
1961   2   26.56    0.54   26.20   -0.21   27.79   -0.31   26.56   -0.18
1961   3   25.76   -0.66   26.82   -0.34   27.79   -0.41   26.94   -0.30
1961   4   24.75   -0.71   27.31   -0.17   27.91   -0.54   27.36   -0.35
1961   5   23.49   -0.77   26.99   -0.17   28.28   -0.47   27.75   -0.06
1961   6   22.15   -0.86   26.29   -0.21   28.46   -0.33   27.67    0.07
1961   7   20.43   -1.50   24.83   -0.85   28.19   -0.54   26.89   -0.29
1961   8   19.86   -1.15   24.09   -1.01   27.92   -0.72   26.19   -0.65
1961   9   19.59   -1.15   23.52   -1.41   28.06   -0.59   25.78   -0.95
1961  10   19.97   -1.08   23.69   -1.26   27.83   -0.81   25.71   -0.96
1961  11   20.99   -0.71   24.28   -0.76   28.09   -0.47   26.07   -0.56
1961  12   21.93   -0.95   24.58   -0.62   28.00   -0.44   25.97   -0.59
1962   1   23.83   -0.72   25.09   -0.58   27.65   -0.58   25.96   -0.59
1962   2   25.37   -0.65   25.97   -0.44   27.54   -0.56   26.19   -0.56
1962   3   24.36   -2.06   26.47   -0.69   27.76   -0.44   26.80   -0.44
1962   4   23.16   -2.31   26.47   -1.02   28.04   -0.41   27.13   -0.58
1962   5   22.90   -1.36   26.17   -0.99   28.11   -0.64   27.05   -0.76
1962   6   21.77   -1.24   25.67   -0.84   28.38   -0.41   27.08   -0.51
1962   7   20.64   -1.29   25.05   -0.64   28.13   -0.61   26.76   -0.42
1962   8   20.24   -0.78   24.64   -0.46   27.98   -0.66   26.33   -0.51
1962   9   19.99   -0.75   24.11   -0.82   27.91   -0.75   25.94   -0.79
1962  10   19.84   -1.21   24.14   -0.81   27.94   -0.70   25.97   -0.71
1962  11   20.78   -0.92   23.98   -1.05   27.90   -0.66   25.75   -0.87
1962  12   21.72   -1.16   24.08   -1.12   27.74   -0.70   25.67   -0.89
1963   1   23.72   -0.83   24.85   -0.82   27.45   -0.78   25.77   -0.78
1963   2   25.28   -0.74   25.79   -0.62   27.48   -0.62   26.22   -0.52
1963   3   25.73   -0.69   26.91   -0.25   27.98   -0.23   27.18   -0.05
1963   4   24.32   -1.15   27.43   -0.06   28.29   -0.16   27.78    0.07
1963   5   23.85   -0.41   26.97   -0.19   28.40   -0.35   27.63   -0.18
1963   6   22.25   -0.76   26.58    0.08   28.32   -0.46   27.62    0.02
1963   7   21.61   -0.31   26.24    0.55   28.62   -0.11   27.78    0.60
1963   8   21.16    0.14   25.68    0.58   28.79    0.15   27.48    0.64
1963   9   20.78    0.04   25.36    0.43   29.00    0.34   27.40    0.67
1963  10   20.96   -0.09   25.41    0.45   28.99    0.35   27.36    0.68
1963  11   21.44   -0.26   25.66    0.63   28.70    0.15   27.47    0.84
1963  12   22.52   -0.37   25.98    0.78   28.54    0.10   27.62    1.06
1964   1   23.92   -0.63   26.02    0.35   28.41    0.17   27.34    0.79
1964   2   24.81   -1.21   26.31   -0.10   28.05   -0.05   27.13    0.39
1964   3   25.08   -1.33   26.72   -0.44   27.68   -0.52   27.02   -0.22
1964   4   24.18   -1.29   26.19   -1.29   28.02   -0.43   26.95   -0.76
1964   5   21.74   -2.52   25.42   -1.74   28.21   -0.54   26.82   -0.99
1964   6   21.24   -1.77   24.99   -1.51   27.94   -0.85   26.59   -1.01
1964   7   20.19   -1.73   24.69   -1.00   27.79   -0.95   26.33   -0.84
1964   8   19.34   -1.68   23.55   -1.55   27.41   -1.23   25.60   -1.24
1964   9   19.50   -1.24   23.74   -1.19   27.05   -1.60   25.32   -1.41
1964  10   19.58   -1.48   23.76   -1.19   27.14   -1.50   25.37   -1.31
1964  11   20.69   -1.01   23.92   -1.11   26.95   -1.61   25.26   -1.37
1964  12   21.48   -1.40   23.73   -1.47   26.94   -1.50   25.23   -1.34
1965   1   23.87   -0.67   24.70   -0.96   27.23   -1.01   25.66   -0.90
1965   2   25.78   -0.24   25.86   -0.55   27.44   -0.66   26.19   -0.55
1965   3   26.48    0.06   26.93   -0.23   27.57   -0.63   26.94   -0.29
1965   4   26.88    1.41   27.47   -0.01   27.71   -0.74   27.38   -0.33
1965   5   25.95    1.69   27.56    0.40   28.50   -0.24   27.99    0.18
1965   6   24.35    1.34   27.09    0.59   28.88    0.09   28.09    0.50
1965   7   23.00    1.07   26.51    0.82   28.91    0.17   27.90    0.72
1965   8   22.38    1.37   26.13    1.03   28.91    0.26   27.97    1.14
1965   9   21.10    0.37   25.98    1.05   28.88    0.22   28.01    1.28
1965  10   21.34    0.29   26.09    1.14   29.28    0.63   28.17    1.49
1965  11   22.09    0.39   26.38    1.34   29.10    0.54   28.12    1.49
1965  12   23.16    0.27   26.45    1.25   28.87    0.43   27.96    1.39
1966   1   24.94    0.39   26.69    1.02   28.70    0.46   27.67    1.12
1966   2   25.49   -0.53   26.90    0.49   28.64    0.54   27.55    0.81
1966   3   25.02   -1.40   27.18    0.02   29.08    0.87   28.21    0.98
1966   4   23.97   -1.50   27.30   -0.18   28.80    0.35   28.16    0.45
1966   5   22.69   -1.57   26.20   -0.96   28.86    0.11   27.55   -0.26
1966   6   21.57   -1.44   25.89   -0.61   28.93    0.14   27.64    0.05
1966   7   20.67   -1.26   25.26   -0.43   28.98    0.25   27.33    0.15
1966   8   19.83   -1.18   24.35   -0.75   28.58   -0.07   26.48   -0.35
1966   9   19.83   -0.91   24.00   -0.93   28.57   -0.09   26.27   -0.45
1966  10   20.44   -0.61   24.24   -0.72   28.68    0.04   26.22   -0.45
1966  11   20.74   -0.95   24.11   -0.93   28.64    0.08   26.23   -0.40
1966  12   22.19   -0.69   24.13   -1.07   28.21   -0.23   26.03   -0.53
1967   1   23.53   -1.02   24.93   -0.74   27.60   -0.64   25.88   -0.67
1967   2   25.52   -0.50   25.91   -0.50   27.41   -0.68   26.11   -0.63
1967   3   25.44   -0.97   26.30   -0.86   27.82   -0.38   26.50   -0.73
1967   4   24.82   -0.65   26.35   -1.13   28.44   -0.01   26.74   -0.97
1967   5   23.60   -0.66   26.59   -0.57   28.76    0.02   27.35   -0.46
1967   6   22.07   -0.95   26.24   -0.27   28.58   -0.21   27.47   -0.12
1967   7   20.86   -1.07   25.11   -0.58   28.52   -0.21   26.97   -0.21
1967   8   19.51   -1.51   24.13   -0.97   28.32   -0.33   26.44   -0.40
1967   9   18.92   -1.82   23.51   -1.42   28.20   -0.45   25.86   -0.87
1967  10   19.29   -1.76   23.62   -1.34   28.33   -0.31   25.97   -0.70
1967  11   19.88   -1.81   23.89   -1.14   28.34   -0.22   26.08   -0.55
1967  12   20.97   -1.91   23.99   -1.22   28.15   -0.29   25.95   -0.61
1968   1   22.95   -1.60   24.26   -1.41   27.86   -0.38   25.69   -0.86
1968   2   24.70   -1.32   24.83   -1.58   27.73   -0.37   25.68   -1.06
1968   3   24.91   -1.51   25.76   -1.40   27.75   -0.45   26.33   -0.90
1968   4   23.77   -1.70   26.49   -0.99   28.17   -0.28   27.10   -0.61
1968   5   22.39   -1.87   26.04   -1.12   28.32   -0.43   27.19   -0.62
1968   6   21.51   -1.50   26.19   -0.31   28.88    0.09   27.88    0.29
1968   7   21.15   -0.78   25.88    0.19   28.55   -0.18   27.58    0.40
1968   8   20.75   -0.27   25.15    0.05   28.58   -0.06   27.01    0.18
1968   9   21.05    0.32   24.82   -0.12   28.57   -0.09   26.72   -0.00
1968  10   20.87   -0.18   24.96    0.01   28.69    0.04   26.75    0.08
1968  11   21.56   -0.14   25.15    0.12   29.10    0.54   27.20    0.58
1968  12   22.97    0.08   25.62    0.42   29.16    0.72   27.27    0.71
1969   1   24.36   -0.18   26.11    0.44   29.24    1.00   27.50    0.94
1969   2   25.35   -0.67   26.72    0.32   29.28    1.18   27.86    1.12
1969   3   26.83    0.41   27.42    0.26   28.95    0.75   27.82    0.59
1969   4   26.41    0.95   27.76    0.28   29.03    0.58   28.13    0.42
1969   5   25.73    1.47   27.71    0.55   29.25    0.50   28.29    0.48
1969   6   24.09    1.08   26.85    0.35   28.93    0.14   27.69    0.10
1969   7   22.24    0.31   25.71    0.02   28.73   -0.01   27.08   -0.10
1969   8   20.88   -0.14   25.36    0.26   28.92    0.27   27.02    0.18
1969   9   20.75    0.01   25.36    0.43   29.16    0.50   27.15    0.42
1969  10   21.62    0.57   25.52    0.57   29.32    0.68   27.34    0.67
1969  11   22.23    0.53   25.62    0.58   29.19    0.63   27.10    0.48
1969  12   23.40    0.52   25.87    0.66   28.93    0.49   26.98    0.41
1970   1   24.96    0.41   26.08    0.42   28.53    0.29   26.83    0.27
1970   2   25.72   -0.30   26.41    0.00   28.49    0.39   26.95    0.21
1970   3   25.23   -1.18   26.83   -0.33   28.33    0.13   27.14   -0.10
1970   4   24.55   -0.91   27.04   -0.44   28.58    0.13   27.74    0.03
1970   5   22.63   -1.64   26.27   -0.89   28.82    0.08   27.63   -0.18
1970   6   21.12   -1.89   25.16   -1.35   28.62   -0.17   27.04   -0.55
1970   7   19.45   -2.48   23.87   -1.81   28.44   -0.29   26.21   -0.97
1970   8   19.16   -1.86   23.38   -1.72   27.89   -0.76   25.60   -1.24
1970   9   19.29   -1.44   23.63   -1.30   27.65   -1.00   25.65   -1.08
1970  10   19.88   -1.18   23.71   -1.24   27.59   -1.05   25.60   -1.08
1970  11   20.48   -1.21   23.62   -1.41   27.57   -0.99   25.57   -1.05
1970  12   21.66   -1.22   23.91   -1.29   27.04   -1.40   25.27   -1.29
1971   1   23.13   -1.42   24.08   -1.59   26.65   -1.59   24.81   -1.74
1971   2   24.42   -1.60   24.84   -1.57   26.81   -1.29   25.18   -1.56
1971   3   25.03   -1.38   25.90   -1.26   27.01   -1.19   25.92   -1.31
1971   4   24.87   -0.60   26.54   -0.94   27.46   -0.99   26.63   -1.07
1971   5   23.18   -1.08   26.13   -1.02   27.85   -0.90   26.95   -0.86
1971   6   21.58   -1.43   25.38   -1.12   27.83   -0.96   26.60   -0.99
1971   7   20.93   -0.99   24.68   -1.01   27.69   -1.04   26.13   -1.05
1971   8   19.77   -1.24   23.79   -1.31   27.54   -1.11   25.75   -1.08
1971   9   19.51   -1.23   23.86   -1.07   27.30   -1.36   25.72   -1.01
1971  10   19.72   -1.33   23.65   -1.30   27.44   -1.20   25.47   -1.20
1971  11   20.89   -0.80   23.79   -1.24   27.71   -0.85   25.56   -1.07
1971  12   21.82   -1.06   23.75   -1.45   27.86   -0.58   25.37   -1.19
1972   1   24.19   -0.36   24.93   -0.74   27.63   -0.61   25.62   -0.93
1972   2   26.55    0.53   25.88   -0.52   27.89   -0.21   26.30   -0.44
1972   3   27.07    0.65   26.91   -0.24   28.16   -0.04   27.09   -0.15
1972   4   26.17    0.70   27.58    0.10   28.74    0.29   27.89    0.18
1972   5   25.13    0.86   27.46    0.30   29.03    0.28   28.32    0.50
1972   6   24.90    1.89   27.23    0.72   29.07    0.28   28.18    0.59
1972   7   23.99    2.06   27.01    1.32   29.03    0.30   28.14    0.96
1972   8   23.38    2.36   26.74    1.64   28.75    0.10   27.95    1.11
1972   9   21.96    1.22   26.33    1.40   28.87    0.22   27.95    1.22
1972  10   22.40    1.35   26.72    1.77   29.16    0.52   28.26    1.59
1972  11   23.03    1.34   27.09    2.06   29.23    0.67   28.61    1.98
1972  12   24.82    1.93   27.47    2.27   29.21    0.77   28.69    2.13
1973   1   25.83    1.28   27.44    1.77   28.99    0.75   28.34    1.79
1973   2   26.26    0.24   27.20    0.79   28.59    0.49   27.95    1.21
1973   3   25.91   -0.51   27.29    0.13   28.33    0.13   27.55    0.32
1973   4   24.43   -1.04   26.75   -0.73   28.25   -0.20   27.24   -0.47
1973   5   23.05   -1.21   25.93   -1.23   28.48   -0.27   26.96   -0.85
1973   6   21.51   -1.50   25.21   -1.29   28.15   -0.64   26.55   -1.04
1973   7   20.73   -1.20   24.15   -1.54   27.85   -0.88   25.76   -1.42
1973   8   19.39   -1.63   23.50   -1.60   27.44   -1.20   25.22   -1.61
1973   9   19.42   -1.32   23.38   -1.55   27.27   -1.39   25.06   -1.66
1973  10   19.93   -1.12   23.29   -1.66   27.11   -1.53   24.73   -1.94
1973  11   20.54   -1.16   23.28   -1.75   26.77   -1.79   24.33   -2.30
1973  12   21.67   -1.21   23.37   -1.83   26.50   -1.94   24.33   -2.23
1974   1   23.21   -1.33   23.86   -1.81   26.30   -1.94   24.46   -2.09
1974   2   24.72   -1.30   25.07   -1.34   26.72   -1.38   25.10   -1.65
1974   3   25.65   -0.77   26.24   -0.92   27.17   -1.03   25.84   -1.40
1974   4   25.14   -0.32   26.77   -0.71   27.43   -1.02   26.46   -1.25
1974   5   24.21   -0.05   26.36   -0.80   27.77   -0.97   26.64   -1.17
1974   6   22.35   -0.66   25.78   -0.72   27.89   -0.90   26.53   -1.06
1974   7   21.38   -0.55   25.22   -0.47   27.74   -0.99   26.39   -0.78
1974   8   20.54   -0.47   24.72   -0.38   27.97   -0.67   26.33   -0.50
1974   9   20.09   -0.64   24.27   -0.66   27.71   -0.94   26.08   -0.65
1974  10   19.81   -1.24   23.95   -1.00   27.53   -1.12   25.78   -0.90
1974  11   20.65   -1.04   24.00   -1.04   27.55   -1.00   25.61   -1.02
1974  12   21.35   -1.54   24.19   -1.02   27.42   -1.02   25.63   -0.94
1975   1   23.41   -1.13   25.12   -0.55   27.61   -0.63   26.09   -0.46
1975   2   24.92   -1.10   25.56   -0.85   27.65   -0.45   26.07   -0.67
1975   3   26.16   -0.26   26.34   -0.82   27.46   -0.74   26.19   -1.05
1975   4   25.53    0.06   27.01   -0.47   27.63   -0.82   26.86   -0.85
1975   5   23.45   -0.81   26.16   -1.00   27.77   -0.98   26.80   -1.01
1975   6   21.70   -1.31   25.22   -1.28   27.54   -1.25   26.23   -1.36
1975   7   21.03   -0.90   24.61   -1.08   27.37   -1.36   25.90   -1.28
1975   8   20.06   -0.96   24.04   -1.06   27.03   -1.61   25.33   -1.50
1975   9   19.16   -1.58   23.50   -1.44   26.71   -1.95   25.05   -1.67
1975  10   19.04   -2.01   23.37   -1.58   26.55   -2.10   24.89   -1.79
1975  11   19.41   -2.29   23.67   -1.37   26.58   -1.98   25.05   -1.58
1975  12   20.93   -1.95   23.41   -1.79   26.39   -2.05   24.67   -1.89
1976   1   23.45   -1.10   23.76   -1.91   26.58   -1.66   24.54   -2.01
1976   2   25.46   -0.56   25.30   -1.11   26.89   -1.20   25.49   -1.25
1976   3   25.96   -0.46   26.53   -0.63   27.34   -0.86   26.46   -0.78
1976   4   25.70    0.24   26.92   -0.56   27.80   -0.65   26.88   -0.82
1976   5   25.12    0.86   26.91   -0.25   28.15   -0.60   27.20   -0.61
1976   6   24.50    1.49   26.94    0.44   28.21   -0.58   27.35   -0.24
1976   7   23.57    1.64   26.24    0.55   28.18   -0.55   27.13   -0.05
1976   8   22.26    1.24   25.87    0.77   28.17   -0.48   26.98    0.14
1976   9   21.55    0.82   25.72    0.79   28.26   -0.40   27.02    0.29
1976  10   21.52    0.47   25.89    0.93   28.73    0.09   27.46    0.79
1976  11   22.15    0.45   25.88    0.85   28.78    0.23   27.41    0.79
1976  12   23.20    0.31   25.89    0.69   28.29   -0.15   27.09    0.53
1977   1   24.80    0.25   26.54    0.88   28.22   -0.02   27.32    0.77
1977   2   25.72   -0.30   26.96    0.55   28.05   -0.05   27.13    0.38
1977   3   26.02   -0.39   27.42    0.27   28.09   -0.11   27.47    0.24
1977   4   24.95   -0.52   26.94   -0.54   28.39   -0.06   27.44   -0.27
1977   5   23.49   -0.77   26.87   -0.29   28.56   -0.19   27.72   -0.09
1977   6   22.52   -0.49   26.43   -0.07   28.80    0.01   27.74    0.15
1977   7   21.46   -0.47   25.57   -0.12   28.84    0.11   27.38    0.20
1977   8   20.10   -0.91   24.73   -0.37   28.71    0.07   26.85    0.01
1977   9   19.61   -1.12   24.87   -0.06   28.95    0.29   27.12    0.39
1977  10   20.54   -0.51   25.25    0.30   29.04    0.40   27.35    0.67
1977  11   21.19   -0.51   25.30    0.26   29.02    0.46   27.19    0.56
1977  12   22.26   -0.62   25.48    0.28   28.95    0.51   27.29    0.73
1978   1   24.15   -0.39   25.79    0.13   28.72    0.48   27.17    0.61
1978   2   25.70   -0.32   26.41   -0.00   28.39    0.29   27.00    0.26
1978   3   25.28   -1.14   26.75   -0.41   28.18   -0.02   27.09   -0.15
1978   4   24.76   -0.71   26.64   -0.84   28.04   -0.41   27.12   -0.59
1978   5   23.17   -1.09   26.10   -1.06   28.52   -0.23   27.20   -0.61
1978   6   21.94   -1.07   25.65   -0.85   28.41   -0.38   27.02   -0.57
1978   7   21.02   -0.91   24.95   -0.74   28.28   -0.45   26.74   -0.44
1978   8   19.63   -1.38   24.10   -1.00   28.20   -0.45   26.07   -0.77
1978   9   19.84   -0.89   24.18   -0.75   28.28   -0.37   26.01   -0.72
1978  10   20.06   -0.99   24.57   -0.38   28.20   -0.44   26.25   -0.42
1978  11   21.61   -0.08   24.79   -0.24   28.31   -0.25   26.33   -0.30
1978  12   22.90    0.02   25.24    0.04   28.37   -0.07   26.54   -0.02
1979   1   24.72    0.18   25.34   -0.33   28.36    0.12   26.41   -0.14
1979   2   25.52   -0.50   26.12   -0.29   28.09   -0.01   26.53   -0.21
1979   3   25.91   -0.51   27.15   -0.01   28.30    0.10   27.27    0.03
1979   4   25.69    0.22   27.65    0.17   28.60    0.15   27.83    0.13
1979   5   24.29    0.03   27.20    0.05   28.74   -0.01   27.69   -0.12
1979   6   23.28    0.27   26.47   -0.03   28.73   -0.06   27.43   -0.16
1979   7   21.70   -0.23   25.49   -0.20   28.70   -0.03   26.82   -0.36
1979   8   20.94   -0.07   25.25    0.15   28.34   -0.31   26.75   -0.08
1979   9   21.15    0.42   25.48    0.55   28.47   -0.19   26.99    0.27
1979  10   21.46    0.41   25.42    0.47   28.58   -0.06   26.83    0.16
1979  11   21.80    0.10   25.50    0.46   28.81    0.26   26.99    0.36
1979  12   22.73   -0.15   25.66    0.46   28.83    0.39   27.11    0.55
1980   1   24.32   -0.23   26.04    0.38   28.69    0.45   27.08    0.53
1980   2   25.68   -0.34   26.44    0.03   28.56    0.46   26.97    0.23
1980   3   26.48    0.06   27.03   -0.13   28.51    0.31   27.31    0.08
1980   4   25.54    0.07   27.38   -0.10   28.76    0.31   27.75    0.04
1980   5   23.98   -0.28   27.10   -0.06   29.18    0.43   28.01    0.20
1980   6   22.76   -0.25   26.70    0.20   29.13    0.34   27.94    0.35
1980   7   21.12   -0.81   25.57   -0.12   28.92    0.19   27.23    0.05
1980   8   20.52   -0.49   24.78   -0.32   28.50   -0.15   26.48   -0.36
1980   9   20.43   -0.31   24.72   -0.21   28.49   -0.16   26.44   -0.29
1980  10   20.52   -0.53   24.56   -0.39   28.74    0.10   26.46   -0.21
1980  11   21.24   -0.45   25.00   -0.03   28.68    0.12   26.60   -0.03
1980  12   22.41   -0.48   25.23    0.03   28.51    0.07   26.65    0.08
1981   1   23.06   -1.48   24.95   -0.71   28.19   -0.05   26.18   -0.37
1981   2   24.93   -1.09   25.52   -0.89   28.02   -0.07   26.11   -0.63
1981   3   25.94   -0.48   26.61   -0.54   28.15   -0.05   26.64   -0.59
1981   4   24.81   -0.66   27.06   -0.42   28.11   -0.34   27.29   -0.42
1981   5   23.65   -0.62   26.71   -0.45   28.36   -0.39   27.36   -0.45
1981   6   22.49   -0.52   26.19   -0.31   28.38   -0.41   27.27   -0.32
1981   7   21.07   -0.86   25.21   -0.48   28.17   -0.56   26.65   -0.53
1981   8   19.88   -1.14   24.38   -0.72   28.08   -0.56   26.33   -0.51
1981   9   19.93   -0.80   24.67   -0.26   28.36   -0.29   26.53   -0.20
1981  10   20.44   -0.61   24.80   -0.15   28.38   -0.26   26.42   -0.25
1981  11   21.19   -0.50   24.70   -0.34   28.39   -0.17   26.29   -0.33
1981  12   22.63   -0.25   25.17   -0.03   28.45    0.01   26.40   -0.16
1982   1   24.30   -0.24   25.86    0.19   28.29    0.05   26.67    0.12
1982   2   25.31   -0.71   26.40   -0.01   28.02   -0.08   26.59   -0.16
1982   3   25.20   -1.22   27.11   -0.05   28.39    0.19   27.41    0.18
1982   4   24.73   -0.74   27.57    0.09   28.95    0.50   28.03    0.32
1982   5   24.11   -0.15   27.64    0.49   29.31    0.56   28.39    0.57
1982   6   23.25    0.24   27.16    0.66   29.41    0.63   28.26    0.67
1982   7   22.43    0.50   26.22    0.53   29.03    0.30   27.66    0.48
1982   8   21.81    0.79   26.06    0.96   28.87    0.23   27.58    0.75
1982   9   22.03    1.30   26.79    1.86   29.09    0.44   28.21    1.48
1982  10   22.83    1.78   27.28    2.32   29.44    0.79   28.71    2.03
1982  11   24.68    2.99   27.50    2.47   29.27    0.71   28.62    1.99
1982  12   25.97    3.09   28.08    2.88   29.05    0.61   28.80    2.24
1983   1   27.21    2.67   28.66    2.99   28.71    0.47   28.89    2.34
1983   2   28.13    2.11   28.71    2.30   28.52    0.42   28.69    1.95
1983   3   28.72    2.30   28.89    1.73   28.55    0.35   28.66    1.43
1983   4   28.86    3.39   29.13    1.65   28.67    0.22   28.77    1.06
1983   5   28.26    4.00   28.98    1.82   29.08    0.33   28.84    1.03
1983   6   27.36    4.35   28.14    1.64   28.97    0.18   28.27    0.68
1983   7   25.76    3.83   26.61    0.92   28.63   -0.10   27.18    0.00
1983   8   23.93    2.92   25.77    0.67   28.39   -0.26   26.59   -0.25
1983   9   22.10    1.36   25.03    0.10   27.98   -0.67   26.20   -0.53
1983  10   22.00    0.95   24.37   -0.58   27.87   -0.77   25.56   -1.11
1983  11   22.05    0.35   24.07   -0.97   27.68   -0.88   25.41   -1.22
1983  12   23.03    0.14   24.39   -0.81   27.71   -0.73   25.57   -0.99
1984   1   24.18   -0.37   25.08   -0.59   27.49   -0.75   25.88   -0.68
1984   2   25.22   -0.80   26.26   -0.15   27.48   -0.62   26.56   -0.18
1984   3   25.62   -0.80   26.97   -0.18   27.47   -0.73   26.77   -0.47
1984   4   25.30   -0.17   27.09   -0.39   27.75   -0.70   27.14   -0.57
1984   5   23.30   -0.96   26.32   -0.84   28.13   -0.62   27.20   -0.61
1984   6   22.18   -0.83   25.45   -1.05   28.19   -0.60   26.83   -0.76
1984   7   21.33   -0.60   25.03   -0.66   28.30   -0.43   26.79   -0.39
1984   8   20.45   -0.57   24.71   -0.39   28.17   -0.48   26.61   -0.22
1984   9   20.66   -0.08   24.56   -0.37   28.22   -0.43   26.38   -0.35
1984  10   20.51   -0.54   24.31   -0.64   28.02   -0.62   26.04   -0.63
1984  11   21.52   -0.17   24.11   -0.93   27.79   -0.77   25.52   -1.11
1984  12   22.41   -0.48   23.96   -1.24   27.59   -0.85   25.25   -1.31
1985   1   23.79   -0.76   24.40   -1.27   27.68   -0.56   25.38   -1.17
1985   2   24.72   -1.30   25.50   -0.90   27.49   -0.61   26.03   -0.71
1985   3   25.60   -0.82   26.42   -0.73   27.31   -0.90   26.50   -0.74
1985   4   24.16   -1.31   26.53   -0.95   27.48   -0.97   26.64   -1.07
1985   5   22.53   -1.73   26.19   -0.97   27.93   -0.81   26.90   -0.91
1985   6   21.85   -1.16   25.60   -0.90   28.02   -0.77   26.81   -0.78
1985   7   20.56   -1.37   24.71   -0.98   28.18   -0.55   26.56   -0.62
1985   8   19.78   -1.24   24.24   -0.86   28.21   -0.43   26.30   -0.54
1985   9   19.74   -1.00   24.04   -0.89   28.28   -0.38   26.02   -0.71
1985  10   20.10   -0.95   24.18   -0.77   28.36   -0.28   26.23   -0.44
1985  11   20.86   -0.83   24.40   -0.63   28.35   -0.21   26.33   -0.30
1985  12   22.43   -0.46   24.50   -0.70   28.30   -0.14   26.19   -0.37
1986   1   24.56    0.02   24.86   -0.81   28.07   -0.17   25.89   -0.67
1986   2   26.00   -0.02   25.88   -0.53   27.96   -0.13   26.05   -0.70
1986   3   25.76   -0.66   26.83   -0.33   28.16   -0.04   26.87   -0.37
1986   4   24.68   -0.78   27.20   -0.28   28.28   -0.17   27.49   -0.22
1986   5   23.23   -1.03   26.65   -0.51   28.58   -0.17   27.40   -0.41
1986   6   22.05   -0.96   26.17   -0.33   28.77   -0.01   27.42   -0.17
1986   7   21.47   -0.46   25.67   -0.02   28.82    0.08   27.18   -0.00
1986   8   20.91   -0.11   25.29    0.19   28.85    0.20   27.17    0.34
1986   9   20.91    0.17   25.20    0.27   28.98    0.32   27.24    0.52
1986  10   21.27    0.22   25.51    0.55   28.99    0.35   27.53    0.85
1986  11   22.01    0.32   25.88    0.84   29.07    0.51   27.71    1.09
1986  12   23.41    0.53   26.15    0.95   28.86    0.42   27.72    1.16
1987   1   25.56    1.01   26.68    1.01   28.62    0.38   27.68    1.13
1987   2   27.07    1.05   27.55    1.14   28.70    0.60   27.88    1.14
1987   3   27.93    1.51   28.20    1.04   28.79    0.59   28.27    1.03
1987   4   27.10    1.63   28.35    0.87   28.70    0.25   28.39    0.68
1987   5   25.93    1.67   28.14    0.98   29.10    0.36   28.56    0.74
1987   6   24.10    1.09   27.48    0.98   29.37    0.58   28.65    1.06
1987   7   22.98    1.06   26.92    1.23   29.38    0.65   28.59    1.41
1987   8   21.82    0.81   26.57    1.47   29.38    0.74   28.42    1.59
1987   9   21.83    1.09   26.56    1.63   29.54    0.88   28.36    1.64
1987  10   22.47    1.42   26.14    1.19   29.58    0.93   27.96    1.28
1987  11   22.80    1.10   26.09    1.05   29.52    0.96   27.77    1.15
1987  12   23.48    0.59   26.23    1.02   29.30    0.86   27.54    0.98
1988   1   24.59    0.04   26.34    0.68   28.96    0.73   27.45    0.90
1988   2   25.79   -0.23   26.40   -0.01   28.65    0.55   27.03    0.29
1988   3   25.68   -0.74   27.06   -0.10   28.46    0.26   27.38    0.15
1988   4   24.70   -0.76   26.93   -0.55   28.27   -0.18   27.38   -0.33
1988   5   23.15   -1.11   25.68   -1.48   28.30   -0.45   26.68   -1.13
1988   6   21.46   -1.55   24.44   -2.06   28.09   -0.70   25.99   -1.60
1988   7   20.59   -1.34   23.74   -1.95   27.96   -0.78   25.56   -1.62
1988   8   19.55   -1.47   23.64   -1.46   28.02   -0.63   25.66   -1.17
1988   9   19.44   -1.30   23.81   -1.12   27.84   -0.82   25.72   -1.01
1988  10   19.81   -1.24   23.43   -1.52   27.12   -1.52   24.82   -1.85
1988  11   20.70   -1.00   23.44   -1.60   26.97   -1.59   24.65   -1.97
1988  12   22.06   -0.82   23.62   -1.58   26.77   -1.67   24.63   -1.93
1989   1   24.27   -0.28   24.22   -1.44   26.60   -1.64   24.58   -1.97
1989   2   26.04    0.02   25.44   -0.97   26.66   -1.44   25.28   -1.46
1989   3   26.34   -0.08   26.19   -0.97   27.16   -1.04   26.08   -1.16
1989   4   25.45   -0.02   26.72   -0.76   27.61   -0.84   26.74   -0.97
1989   5   23.21   -1.05   26.42   -0.74   28.13   -0.62   27.06   -0.75
1989   6   22.04   -0.97   26.30   -0.20   28.05   -0.74   27.14   -0.45
1989   7   21.17   -0.76   25.35   -0.34   28.05   -0.68   26.72   -0.46
1989   8   20.71   -0.31   24.72   -0.38   28.02   -0.63   26.33   -0.51
1989   9   20.07   -0.66   24.60   -0.33   28.26   -0.40   26.42   -0.31
1989  10   20.54   -0.51   24.58   -0.37   28.31   -0.33   26.32   -0.36
1989  11   21.41   -0.29   24.51   -0.53   28.16   -0.40   26.25   -0.37
1989  12   22.41   -0.47   24.85   -0.35   28.42   -0.02   26.46   -0.10
1990   1   24.09   -0.46   25.37   -0.30   28.48    0.24   26.56    0.01
1990   2   25.94   -0.08   26.42    0.01   28.58    0.48   26.96    0.22
1990   3   26.04   -0.37   26.92   -0.24   28.63    0.43   27.33    0.09
1990   4   25.02   -0.45   27.49    0.00   28.75    0.30   27.90    0.19
1990   5   24.18   -0.08   27.41    0.25   28.85    0.11   28.02    0.21
1990   6   22.83   -0.18   26.58    0.08   28.92    0.13   27.64    0.05
1990   7   21.30   -0.62   25.81    0.12   28.92    0.19   27.38    0.20
1990   8   20.57   -0.44   25.23    0.13   28.92    0.28   27.07    0.24
1990   9   20.24   -0.50   25.02    0.09   28.98    0.33   26.94    0.21
1990  10   20.31   -0.74   24.84   -0.12   29.15    0.51   26.93    0.26
1990  11   21.00   -0.69   24.90   -0.14   29.20    0.64   26.81    0.18
1990  12   22.31   -0.57   25.15   -0.05   29.19    0.75   26.95    0.39
1991   1   24.02   -0.52   25.79    0.12   28.90    0.66   27.03    0.48
1991   2   25.72   -0.30   26.41    0.00   28.73    0.63   27.07    0.33
1991   3   26.28   -0.14   27.04   -0.11   28.66    0.46   27.32    0.08
1991   4   25.24   -0.23   27.53    0.05   28.97    0.52   28.01    0.30
1991   5   24.09   -0.17   27.49    0.33   29.38    0.63   28.20    0.39
1991   6   23.33    0.32   27.30    0.80   29.35    0.56   28.25    0.65
1991   7   22.56    0.63   26.64    0.95   29.34    0.61   28.05    0.88
1991   8   21.37    0.36   25.63    0.53   29.26    0.61   27.53    0.70
1991   9   21.19    0.45   25.26    0.33   29.09    0.44   27.14    0.41
1991  10   21.67    0.62   25.59    0.64   29.47    0.82   27.58    0.90
1991  11   22.38    0.68   26.05    1.01   29.39    0.83   27.90    1.27
1991  12   23.64    0.76   26.48    1.28   29.35    0.91   28.29    1.73
1992   1   25.03    0.49   27.03    1.36   28.94    0.70   28.38    1.83
1992   2   26.71    0.69   27.67    1.26   29.08    0.98   28.53    1.79
1992   3   27.73    1.31   28.26    1.10   28.96    0.76   28.66    1.43
1992   4   27.72    2.25   28.75    1.27   29.09    0.64   29.02    1.31
1992   5   26.63    2.37   28.44    1.29   29.23    0.48   28.98    1.16
1992   6   23.98    0.97   27.17    0.66   29.24    0.45   28.30    0.71
1992   7   21.89   -0.04   25.75    0.06   29.21    0.48   27.51    0.34
1992   8   20.87   -0.15   25.03   -0.07   28.93    0.29   26.91    0.07
1992   9   20.76    0.02   24.83   -0.10   28.86    0.20   26.65   -0.07
1992  10   21.02   -0.03   24.64   -0.31   28.76    0.12   26.42   -0.25
1992  11   21.59   -0.11   24.64   -0.40   28.69    0.13   26.42   -0.21
1992  12   22.71   -0.17   24.87   -0.33   28.61    0.17   26.44   -0.12
1993   1   24.55    0.01   25.55   -0.12   28.54    0.30   26.69    0.14
1993   2   26.40    0.38   26.80    0.39   28.30    0.20   27.16    0.42
1993   3   27.09    0.67   27.61    0.45   28.37    0.17   27.67    0.44
1993   4   26.79    1.32   28.42    0.94   28.66    0.21   28.41    0.70
1993   5   25.57    1.31   28.33    1.17   28.98    0.23   28.71    0.90
1993   6   24.16    1.15   27.06    0.56   29.01    0.22   28.08    0.49
1993   7   22.66    0.74   26.05    0.36   28.97    0.24   27.52    0.34
1993   8   21.57    0.55   25.36    0.26   28.92    0.27   26.99    0.15
1993   9   21.11    0.37   25.22    0.29   29.06    0.40   27.07    0.34
1993  10   21.57    0.52   25.11    0.16   28.78    0.14   26.77    0.10
1993  11   21.96    0.27   25.09    0.05   28.79    0.23   26.71    0.08
1993  12   22.83   -0.06   25.31    0.11   28.72    0.28   26.76    0.20
1994   1   24.47   -0.07   25.86    0.19   28.43    0.19   26.64    0.09
1994   2   25.77   -0.25   26.33   -0.08   28.14    0.04   26.81    0.07
1994   3   25.48   -0.94   26.85   -0.31   28.37    0.17   27.39    0.15
1994   4   24.27   -1.20   27.20   -0.28   28.74    0.29   28.08    0.37
1994   5   23.36   -0.90   27.15   -0.01   29.14    0.39   28.24    0.43
1994   6   22.21   -0.80   26.56    0.06   29.23    0.44   28.04    0.45
1994   7   21.09   -0.83   25.53   -0.16   29.40    0.66   27.54    0.36
1994   8   19.98   -1.04   24.86   -0.24   29.50    0.86   27.38    0.55
1994   9   20.58   -0.16   24.85   -0.08   29.30    0.65   27.20    0.47
1994  10   21.81    0.76   25.50    0.55   29.45    0.81   27.47    0.80
1994  11   22.26    0.56   25.99    0.96   29.44    0.88   27.81    1.19
1994  12   23.67    0.79   26.05    0.85   29.46    1.02   27.85    1.29
1995   1   25.30    0.76   26.43    0.77   29.04    0.80   27.57    1.02
1995   2   26.20    0.18   26.85    0.45   28.91    0.81   27.49    0.74
1995   3   26.00   -0.42   27.18    0.02   29.03    0.83   27.75    0.51
1995   4   23.99   -1.48   27.18   -0.30   29.14    0.69   28.10    0.39
1995   5   23.00   -1.26   26.53   -0.62   29.31    0.56   27.82    0.01
1995   6   22.20   -0.81   26.07   -0.44   29.18    0.39   27.59   -0.01
1995   7   21.35   -0.57   25.36   -0.33   28.93    0.20   27.08   -0.10
1995   8   20.60   -0.41   24.21   -0.89   28.65    0.00   26.23   -0.61
1995   9   20.44   -0.29   23.86   -1.07   28.41   -0.25   25.88   -0.84
1995  10   20.46   -0.59   23.98   -0.97   28.31   -0.33   25.84   -0.83
1995  11   21.37   -0.33   24.04   -1.00   28.11   -0.45   25.60   -1.03
1995  12   21.96   -0.92   24.25   -0.95   28.04   -0.40   25.65   -0.91
1996   1   23.92   -0.63   24.85   -0.82   27.85   -0.39   25.69   -0.86
1996   2   25.66   -0.36   25.73   -0.68   27.67   -0.43   25.89   -0.85
1996   3   26.16   -0.26   26.67   -0.48   27.92   -0.28   26.67   -0.56
1996   4   23.62   -1.85   26.75   -0.73   28.17   -0.28   27.35   -0.36
1996   5   22.97   -1.29   26.51   -0.65   28.46   -0.29   27.55   -0.26
1996   6   21.24   -1.78   25.86   -0.64   28.49   -0.30   27.29   -0.30
1996   7   20.70   -1.23   25.17   -0.52   28.45   -0.29   26.85   -0.33
1996   8   20.14   -0.88   24.69   -0.41   28.47   -0.17   26.64   -0.20
1996   9   20.08   -0.66   24.41   -0.53   28.40   -0.26   26.27   -0.46
1996  10   20.31   -0.74   24.39   -0.56   28.45   -0.19   26.27   -0.40
1996  11   20.56   -1.14   24.45   -0.59   28.47   -0.09   26.29   -0.34
1996  12   21.68   -1.21   24.22   -0.98   28.35   -0.09   25.95   -0.61
1997   1   23.66   -0.88   24.77   -0.90   28.33    0.09   26.01   -0.54
1997   2   25.88   -0.14   25.73   -0.68   28.39    0.29   26.38   -0.36
1997   3   27.03    0.61   26.86   -0.30   28.56    0.36   27.04   -0.20
1997   4   26.44    0.98   27.47   -0.02   29.22    0.77   27.98    0.27
1997   5   26.54    2.28   27.90    0.75   29.44    0.70   28.58    0.77
1997   6   26.12    3.11   28.13    1.62   29.23    0.44   28.82    1.23
1997   7   25.59    3.66   27.90    2.21   29.37    0.64   28.86    1.68
1997   8   24.96    3.95   27.71    2.61   29.29    0.64   28.75    1.91
1997   9   24.69    3.95   27.74    2.81   29.44    0.78   28.85    2.12
1997  10   24.69    3.64   28.06    3.11   29.34    0.70   29.08    2.41
1997  11   26.12    4.43   28.37    3.33   29.39    0.83   29.12    2.49
1997  12   27.06    4.18   28.53    3.33   29.11    0.67   28.89    2.33
1998   1   28.12    3.57   28.74    3.08   28.95    0.72   28.93    2.37
1998   2   28.74    2.72   28.90    2.49   28.79    0.69   28.78    2.04
1998   3   29.23    2.81   29.12    1.96   28.62    0.42   28.62    1.39
1998   4   28.22    2.75   29.22    1.74   28.56    0.11   28.60    0.89
1998   5   27.14    2.88   28.64    1.48   28.66   -0.09   28.51    0.70
1998   6   25.36    2.35   26.99    0.49   28.26   -0.53   27.34   -0.26
1998   7   23.37    1.45   25.42   -0.26   28.11   -0.62   26.30   -0.88
1998   8   21.97    0.95   24.45   -0.65   27.77   -0.87   25.57   -1.26
1998   9   20.95    0.21   23.95   -0.98   27.74   -0.91   25.46   -1.27
1998  10   21.35    0.30   23.99   -0.96   27.42   -1.22   25.25   -1.42
1998  11   21.51   -0.18   24.24   -0.80   27.24   -1.32   25.24   -1.39
1998  12   22.63   -0.25   24.13   -1.07   27.06   -1.38   24.91   -1.65
1999   1   23.79   -0.76   24.41   -1.26   26.64   -1.60   24.86   -1.70
1999   2   25.56   -0.46   25.52   -0.88   26.56   -1.54   25.43   -1.31
1999   3   26.45    0.03   26.68   -0.47   26.98   -1.23   26.33   -0.91
1999   4   24.64   -0.83   26.71   -0.77   27.41   -1.04   26.70   -1.01
1999   5   23.73   -0.53   26.45   -0.71   27.89   -0.86   26.79   -1.02
1999   6   22.36   -0.65   25.72   -0.78   27.96   -0.83   26.53   -1.06
1999   7   21.73   -0.20   25.05   -0.64   27.75   -0.98   26.13   -1.05
1999   8   20.89   -0.12   24.28   -0.82   27.69   -0.96   25.63   -1.20
1999   9   19.67   -1.06   23.79   -1.14   27.79   -0.86   25.63   -1.10
1999  10   20.15   -0.90   23.60   -1.36   27.79   -0.85   25.48   -1.19
1999  11   20.43   -1.27   23.60   -1.44   27.42   -1.14   25.12   -1.51
1999  12   22.17   -0.71   23.68   -1.52   27.18   -1.26   24.86   -1.70
2000   1   23.81   -0.74   24.00   -1.67   26.99   -1.25   24.78   -1.77
2000   2   25.48   -0.54   25.27   -1.14   26.73   -1.37   25.21   -1.54
2000   3   26.02   -0.40   26.70   -0.46   26.89   -1.31   26.30   -0.94
2000   4   25.50    0.03   27.41   -0.07   27.20   -1.25   26.95   -0.76
2000   5   24.02   -0.24   26.88   -0.28   27.63   -1.12   27.07   -0.74
2000   6   22.75   -0.27   26.03   -0.48   28.06   -0.73   26.94   -0.65
2000   7   21.68   -0.25   25.18   -0.50   28.17   -0.56   26.63   -0.55
2000   8   20.44   -0.58   24.64   -0.46   28.16   -0.48   26.37   -0.47
2000   9   20.50   -0.24   24.59   -0.35   28.27   -0.38   26.20   -0.53
2000  10   20.74   -0.31   24.48   -0.47   28.11   -0.53   26.02   -0.65
2000  11   20.46   -1.23   24.40   -0.64   27.92   -0.63   25.92   -0.71
2000  12   21.85   -1.03   24.57   -0.63   27.59   -0.85   25.68   -0.88
2001   1   23.94   -0.61   25.24   -0.43   27.43   -0.81   25.81   -0.74
2001   2   25.62   -0.40   26.12   -0.29   27.37   -0.73   26.12   -0.62
2001   3   26.66    0.24   27.20    0.04   27.61   -0.59   26.80   -0.43
2001   4   25.72    0.25   27.46   -0.02   28.04   -0.41   27.33   -0.38
2001   5   23.71   -0.55   27.11   -0.05   28.53   -0.22   27.60   -0.21
2001   6   22.28   -0.73   26.34   -0.16   28.79    0.01   27.54   -0.05
2001   7   21.38   -0.55   25.53   -0.15   28.98    0.25   27.25    0.07
2001   8   20.16   -0.85   24.90   -0.20   28.84    0.20   26.80   -0.03
2001   9   19.60   -1.14   24.31   -0.62   28.97    0.32   26.52   -0.21
2001  10   19.88   -1.17   24.55   -0.40   28.95    0.30   26.57   -0.10
2001  11   20.77   -0.93   24.42   -0.61   28.78    0.22   26.33   -0.29
2001  12   21.79   -1.09   24.61   -0.59   28.66    0.22   26.19   -0.37
2002   1   23.79   -0.76   25.17   -0.50   28.72    0.48   26.39   -0.16
2002   2   26.03    0.01   26.16   -0.24   28.66    0.56   26.71   -0.03
2002   3   27.25    0.84   27.35    0.19   28.57    0.37   27.29    0.05
2002   4   26.35    0.89   27.58    0.10   29.03    0.58   27.84    0.13
2002   5   25.04    0.78   27.51    0.35   29.52    0.77   28.24    0.43
2002   6   23.51    0.50   27.19    0.69   29.61    0.82   28.44    0.85
2002   7   21.72   -0.20   26.19    0.50   29.52    0.79   28.03    0.86
2002   8   20.74   -0.27   25.63    0.53   29.43    0.78   27.72    0.89
2002   9   20.93    0.19   25.76    0.83   29.37    0.72   27.81    1.08
2002  10   21.39    0.34   25.97    1.02   29.41    0.77   27.96    1.29
2002  11   22.63    0.93   26.40    1.37   29.55    0.99   28.17    1.54
2002  12   23.91    1.03   26.44    1.23   29.38    0.94   27.97    1.41
2003   1   24.69    0.15   26.23    0.56   28.89    0.65   27.15    0.60
2003   2   25.98   -0.04   26.84    0.43   28.88    0.78   27.39    0.65
2003   3   26.42    0.00   27.39    0.23   28.92    0.72   27.65    0.41
2003   4   24.98   -0.49   27.14   -0.35   28.96    0.51   27.68   -0.03
2003   5   22.77   -1.49   26.29   -0.86   28.86    0.12   27.32   -0.49
2003   6   21.77   -1.24   26.03   -0.47   29.07    0.28   27.44   -0.15
2003   7   20.95   -0.98   25.92    0.24   29.08    0.35   27.50    0.32
2003   8   21.02    0.00   25.38    0.28   28.98    0.34   27.11    0.28
2003   9   20.28   -0.46   25.05    0.12   28.94    0.28   26.99    0.26
2003  10   21.25    0.20   25.38    0.43   29.12    0.48   27.14    0.47
2003  11   21.94    0.24   25.75    0.71   29.07    0.51   27.04    0.41
2003  12   23.03    0.15   26.00    0.80   28.97    0.53   27.03    0.47
2004   1   24.36   -0.19   26.08    0.41   28.75    0.51   26.81    0.26
2004   2   26.03    0.02   26.70    0.29   28.57    0.47   26.98    0.24
2004   3   25.75   -0.67   27.34    0.18   28.42    0.22   27.40    0.17
2004   4   24.96   -0.50   27.52    0.03   28.71    0.26   27.89    0.18
2004   5   22.82   -1.44   26.80   -0.36   29.02    0.28   28.00    0.18
2004   6   22.05   -0.96   26.35   -0.15   29.19    0.41   27.86    0.27
2004   7   21.18   -0.75   25.78    0.09   29.32    0.59   27.78    0.60
2004   8   20.26   -0.75   25.36    0.26   29.34    0.69   27.62    0.78
2004   9   20.46   -0.28   25.35    0.42   29.45    0.79   27.53    0.80
2004  10   21.16    0.11   25.52    0.57   29.46    0.82   27.44    0.77
2004  11   22.37    0.67   25.73    0.70   29.45    0.89   27.36    0.73
2004  12   23.18    0.29   25.91    0.71   29.41    0.97   27.34    0.78
2005   1   24.54   -0.00   25.98    0.32   29.20    0.96   27.21    0.66
2005   2   25.16   -0.86   26.31   -0.10   28.87    0.77   27.11    0.37
2005   3   25.03   -1.39   27.14   -0.02   28.93    0.73   27.73    0.49
2005   4   25.12   -0.35   27.53    0.05   29.05    0.60   28.08    0.37
2005   5   24.04   -0.23   27.41    0.25   29.21    0.46   28.24    0.42
2005   6   22.35   -0.66   26.68    0.18   29.14    0.35   27.77    0.18
2005   7   21.61   -0.32   25.91    0.22   28.79    0.05   27.06   -0.12
2005   8   20.61   -0.41   25.30    0.20   28.73    0.09   26.80   -0.03
2005   9   19.99   -0.75   24.82   -0.11   28.79    0.14   26.68   -0.04
2005  10   19.75   -1.30   24.64   -0.32   28.85    0.21   26.65   -0.02
2005  11   20.23   -1.47   23.97   -1.07   28.55   -0.01   26.11   -0.51
2005  12   21.89   -1.00   24.00   -1.20   28.28   -0.16   25.68   -0.89
2006   1   24.19   -0.35   24.85   -0.82   27.82   -0.42   25.63   -0.92
2006   2   26.32    0.30   26.06   -0.35   27.52   -0.58   26.08   -0.66
2006   3   26.20   -0.22   26.65   -0.51   27.73   -0.47   26.57   -0.66
2006   4   24.04   -1.43   27.16   -0.32   28.29   -0.16   27.50   -0.21
2006   5   23.86   -0.40   27.17    0.01   28.86    0.11   27.85    0.04
2006   6   22.91   -0.10   26.61    0.11   29.03    0.24   27.73    0.14
2006   7   22.16    0.23   25.82    0.13   29.10    0.36   27.30    0.12
2006   8   21.71    0.69   25.51    0.41   29.21    0.56   27.16    0.33
2006   9   21.70    0.96   25.73    0.80   29.40    0.74   27.32    0.59
2006  10   22.07    1.02   25.86    0.91   29.45    0.81   27.41    0.74
2006  11   22.45    0.75   26.10    1.06   29.62    1.06   27.69    1.06
2006  12   23.52    0.64   26.37    1.17   29.46    1.02   27.74    1.18
2007   1   25.23    0.68   26.53    0.86   28.97    0.73   27.24    0.69
2007   2   26.21    0.19   26.49    0.08   28.66    0.56   26.88    0.14
2007   3   25.84   -0.57   26.80   -0.35   28.66    0.46   27.10   -0.13
2007   4   24.31   -1.16   26.95   -0.53   28.73    0.28   27.50   -0.21
2007   5   22.63   -1.63   26.37   -0.79   28.84    0.09   27.46   -0.35
2007   6   21.52   -1.49   25.90   -0.60   28.90    0.11   27.37   -0.22
2007   7   20.98   -0.95   24.85   -0.84   28.68   -0.06   26.71   -0.47
2007   8   19.81   -1.21   23.94   -1.16   28.48   -0.17   26.14   -0.70
2007   9   19.75   -0.98   23.63   -1.30   28.11   -0.54   25.61   -1.12
2007  10   19.50   -1.55   23.55   -1.41   27.91   -0.73   25.32   -1.35
2007  11   19.92   -1.77   23.48   -1.55   27.61   -0.95   25.17   -1.46
2007  12   21.15   -1.73   23.57   -1.63   27.42   -1.02   25.01   -1.55
2008   1   24.08   -0.46   24.19   -1.47   26.87   -1.37   24.86   -1.69
2008   2   26.32    0.30   25.16   -1.24   26.62   -1.48   25.08   -1.66
2008   3   26.88    0.46   26.45   -0.71   26.97   -1.24   26.07   -1.16
2008   4   25.94    0.48   27.12   -0.36   27.46   -0.99   26.83   -0.88
2008   5   24.95    0.69   27.00   -0.16   27.81   -0.94   27.09   -0.72
2008   6   23.68    0.67   26.46   -0.04   27.96   -0.83   27.04   -0.55
2008   7   22.95    1.02   26.08    0.39   28.07   -0.66   26.99   -0.19
2008   8   22.40    1.39   25.62    0.52   28.04   -0.60   26.72   -0.11
2008   9   21.75    1.01   25.20    0.27   28.08   -0.58   26.47   -0.26
2008  10   21.37    0.32   25.07    0.12   28.17   -0.47   26.37   -0.31
2008  11   21.38   -0.32   24.98   -0.06   27.98   -0.58   26.25   -0.38
2008  12   22.36   -0.53   24.66   -0.54   27.73   -0.71   25.74   -0.82
2009   1   24.40   -0.15   25.15   -0.51   27.37   -0.87   25.66   -0.90
2009   2   25.42   -0.60   25.84   -0.57   27.35   -0.75   25.96   -0.78
2009   3   25.67   -0.74   26.49   -0.67   27.74   -0.47   26.59   -0.65
2009   4   25.94    0.48   27.41   -0.07   28.37   -0.08   27.47   -0.24
2009   5   24.76    0.50   27.54    0.38   28.90    0.16   27.99    0.18
2009   6   23.78    0.77   27.18    0.68   29.14    0.36   28.04    0.45
2009   7   22.71    0.78   26.49    0.80   29.19    0.45   27.78    0.60
2009   8   21.85    0.83   25.92    0.82   29.23    0.59   27.42    0.58
2009   9   21.23    0.50   25.69    0.76   29.33    0.67   27.40    0.67
2009  10   21.34    0.29   25.76    0.80   29.68    1.04   27.60    0.93
2009  11   21.99    0.29   26.18    1.15   29.82    1.26   28.16    1.53
2009  12   23.41    0.53   26.55    1.35   29.72    1.28   28.34    1.78
2010   1   24.85    0.30   26.73    1.06   29.44    1.20   28.07    1.51
2010   2   26.22    0.20   27.28    0.88   29.08    0.98   28.01    1.26
2010   3   26.56    0.14   27.76    0.60   29.07    0.86   28.18    0.95
2010   4   25.43   -0.04   27.85    0.37   29.13    0.68   28.20    0.49
2010   5   24.65    0.39   27.08   -0.08   29.01    0.26   27.71   -0.10
2010   6   23.14    0.13   25.91   -0.59   28.66   -0.13   27.04   -0.55
2010   7   20.93   -1.00   24.79   -0.90   28.10   -0.63   26.22   -0.96
2010   8   19.70   -1.32   23.97   -1.13   27.54   -1.11   25.47   -1.37
2010   9   19.50   -1.23   23.61   -1.32   27.32   -1.34   25.12   -1.61
2010  10   19.73   -1.32   23.50   -1.45   27.15   -1.49   25.03   -1.64
2010  11   20.34   -1.35   23.59   -1.45   27.11   -1.45   25.06   -1.57
2010  12   21.91   -0.98   23.73   -1.47   27.09   -1.35   25.00   -1.57
2011   1   24.08   -0.46   24.40   -1.26   26.92   -1.32   25.00   -1.55
2011   2   25.94   -0.07   25.63   -0.77   27.15   -0.95   25.64   -1.10
2011   3   25.61   -0.81   26.47   -0.68   27.51   -0.69   26.36   -0.88
2011   4   25.34   -0.13   27.25   -0.23   27.89   -0.56   27.05   -0.66
2011   5   24.53    0.27   26.96   -0.20   28.35   -0.40   27.41   -0.40
2011   6   23.42    0.41   26.50    0.00   28.46   -0.33   27.35   -0.24
2011   7   22.06    0.13   25.61   -0.08   28.42   -0.32   26.87   -0.31
2011   8   20.79   -0.22   24.73   -0.37   28.16   -0.49   26.21   -0.63
2011   9   19.99   -0.75   24.29   -0.64   28.00   -0.65   25.92   -0.81
2011  10   20.24   -0.81   23.92   -1.04   27.86   -0.79   25.67   -1.01
2011  11   21.09   -0.61   23.98   -1.06   27.80   -0.76   25.52   -1.11
2011  12   22.13   -0.75   24.31   -0.90   27.53   -0.91   25.54   -1.02
2012   1   24.38   -0.16   25.09   -0.58   27.30   -0.94   25.67   -0.88
2012   2   26.46    0.44   26.22   -0.19   27.29   -0.81   26.08   -0.66
2012   3   26.65    0.23   27.02   -0.13   27.56   -0.65   26.67   -0.57
2012   4   26.44    0.97   27.56    0.08   28.03   -0.42   27.32   -0.39
2012   5   25.29    1.03   27.34    0.18   28.40   -0.35   27.61   -0.20
2012   6   24.14    1.13   27.05    0.55   28.58   -0.21   27.75    0.16
2012   7   22.36    0.43   26.37    0.68   28.64   -0.10   27.54    0.36
2012   8   21.07    0.06   25.64    0.54   28.86    0.22   27.32    0.49
2012   9   20.79    0.05   25.24    0.31   28.97    0.31   27.10    0.38
2012  10   20.65   -0.40   25.00    0.05   29.07    0.43   26.98    0.31
2012  11   21.24   -0.45   25.08    0.05   29.00    0.44   26.86    0.23
2012  12   21.96   -0.92   24.80   -0.40   28.60    0.16   26.34   -0.22
2013   1   23.89   -0.66   25.00   -0.67   28.24    0.00   26.01   -0.54
2013   2   25.37   -0.65   25.84   -0.57   28.01   -0.09   26.24   -0.51
2013   3   25.81   -0.60   27.08   -0.08   27.95   -0.25   27.03   -0.21
2013   4   24.31   -1.16   27.22   -0.26   28.36   -0.09   27.57   -0.14
2013   5   22.83   -1.43   26.43   -0.73   28.69   -0.06   27.53   -0.28
2013   6   21.22   -1.79   25.73   -0.77   28.77   -0.02   27.30   -0.29
2013   7   20.36   -1.57   25.10   -0.59   28.66   -0.07   26.91   -0.27
2013   8   19.85   -1.17   24.47   -0.63   28.61   -0.03   26.47   -0.36
2013   9   19.95   -0.78   24.58   -0.36   28.65   -0.01   26.54   -0.19
2013  10   20.27   -0.78   24.79   -0.17   28.72    0.08   26.52   -0.16
2013  11   21.09   -0.60   24.90   -0.13   28.74    0.18   26.56   -0.07
2013  12   22.37   -0.51   25.09   -0.11   28.48    0.04   26.43   -0.13
2014   1   24.56    0.02   25.23   -0.44   28.14   -0.10   26.05   -0.50
2014   2   25.49   -0.53   25.62   -0.79   28.27    0.17   26.14   -0.61
2014   3   26.17   -0.24   26.89   -0.27   28.60    0.40   27.00   -0.23
2014   4   25.51    0.04   27.64    0.16   28.98    0.53   27.90    0.19
2014   5   25.48    1.22   27.64    0.48   29.45    0.70   28.25    0.44
2014   6   24.67    1.66   27.15    0.65   29.36    0.57   27.96    0.37
2014   7   22.94    1.01   26.12    0.43   29.04    0.31   27.23    0.05
2014   8   21.90    0.88   25.30    0.20   29.04    0.40   26.82   -0.01
2014   9   21.52    0.79   25.27    0.34   29.16    0.50   27.01    0.28
2014  10   21.71    0.66   25.56    0.61   29.24    0.60   27.16    0.48
2014  11   22.45    0.76   25.88    0.84   29.43    0.87   27.46    0.83
2014  12   23.22    0.34   25.91    0.71   29.30    0.86   27.31    0.75
2015   1   24.41   -0.13   26.01    0.35   29.07    0.84   27.05    0.50
2015   2   25.57   -0.45   26.46    0.05   29.07    0.97   27.17    0.43
2015   3   26.57    0.16   27.30    0.14   29.22    1.02   27.75    0.52
2015   4   26.54    1.07   28.21    0.73   29.61    1.16   28.52    0.81
2015   5   25.96    1.70   28.20    1.04   29.85    1.11   28.85    1.04
2015   6   25.32    2.31   28.07    1.57   29.88    1.10   28.90    1.31
2015   7   24.50    2.57   27.66    1.97   29.78    1.04   28.75    1.57
2015   8   22.66    1.64   27.21    2.11   29.77    1.13   28.79    1.95
2015   9   23.01    2.27   27.40    2.47   29.82    1.16   28.93    2.20
2015  10   23.14    2.09   27.60    2.65   29.84    1.19   29.08    2.41
2015  11   23.93    2.23   27.95    2.91   30.13    1.57   29.42    2.80
2015  12   25.02    2.14   28.07    2.87   29.91    1.47   29.26    2.70
2016   1   26.36    1.81   28.25    2.59   29.54    1.30   29.11    2.56
2016   2   27.40    1.38   28.38    1.97   29.41    1.31   29.01    2.27
2016   3   27.83    1.42   28.74    1.58   29.39    1.19   28.90    1.67
2016   4   25.98    0.52   28.20    0.72   29.37    0.92   28.72    1.01
2016   5   24.90    0.64   27.23    0.07   29.45    0.70   28.23    0.42
2016   6   23.77    0.76   26.48   -0.02   29.35    0.57   27.69    0.10
2016   7   22.21    0.28   25.19   -0.49   29.05    0.32   26.82   -0.36
2016   8   21.25    0.23   24.59   -0.51   28.73    0.09   26.28   -0.56
2016   9   21.29    0.56   24.64   -0.29   28.51   -0.14   26.14   -0.58
2016  10   21.36    0.31   24.42   -0.54   28.32   -0.32   25.98   -0.69
2016  11   21.78    0.08   24.48   -0.55   28.24   -0.32   25.94   -0.68
2016  12   23.24    0.35   24.76   -0.44   28.35   -0.09   26.10   -0.47
2017   1   25.50    0.95   25.58   -0.08   28.16   -0.08   26.12   -0.44
2017   2   27.46    1.44   26.83    0.42   28.11    0.01   26.67   -0.07
2017   3   28.10    1.68   27.55    0.39   28.29    0.09   27.32    0.08
2017   4   26.59    1.12   28.03    0.55   28.69    0.24   28.03    0.32
2017   5   24.63    0.37   27.55    0.39   29.10    0.35   28.30    0.49
2017   6   22.89   -0.13   26.68    0.18   29.29    0.50   28.06    0.47
2017   7   21.64   -0.29   25.84    0.15   29.16    0.42   27.54    0.37
2017   8   20.67   -0.35   24.87   -0.23   28.87    0.22   26.70   -0.14
2017   9   19.92   -0.82   24.18   -0.75   28.72    0.06   26.29   -0.43
2017  10   20.21   -0.84   24.26   -0.69   28.56   -0.08   26.15   -0.52
2017  11   20.46   -1.24   24.02   -1.01   28.30   -0.26   25.74   -0.89
2017  12   21.39   -1.49   24.00   -1.20   28.02   -0.42   25.62   -0.95
2018   1   23.44   -1.10   24.48   -1.19   27.88   -0.36   25.57   -0.98
2018   2   25.13   -0.89   25.50   -0.91   27.85   -0.25   25.97   -0.77
2018   3   25.13   -1.28   26.27   -0.88   28.10   -0.10   26.48   -0.76
2018   4   24.51   -0.96   26.96   -0.52   28.65    0.20   27.31   -0.40
2018   5   23.67   -0.60   26.92   -0.24   29.07    0.33   27.73   -0.08
2018   6   22.40   -0.61   26.63    0.13   29.21    0.42   27.77    0.18
2018   7   21.56   -0.36   25.92    0.23   29.13    0.39   27.42    0.24
2018   8   20.74   -0.28   25.06   -0.04   29.24    0.59   26.94    0.11
2018   9   20.65   -0.09   25.25    0.32   29.34    0.69   27.19    0.46
2018  10   21.18    0.13   25.73    0.78   29.71    1.07   27.62    0.94
2018  11   22.46    0.77   26.00    0.96   29.61    1.06   27.61    0.98
2018  12   23.86    0.98   26.14    0.94   29.45    1.01   27.49    0.93
2019   1   25.40    0.85   26.26    0.59   29.08    0.84   27.19    0.64
2019   2   26.62    0.60   26.99    0.58   28.91    0.81   27.46    0.72
2019   3   26.61    0.19   27.84    0.68   28.96    0.76   28.09    0.85
2019   4   25.83    0.37   28.13    0.65   29.15    0.70   28.44    0.73
2019   5   24.61    0.35   27.75    0.59   29.45    0.71   28.48    0.67
2019   6   22.78   -0.23   26.82    0.32   29.58    0.79   28.18    0.59
2019   7   21.27   -0.66   25.70    0.02   29.66    0.93   27.64    0.47
2019   8   20.24   -0.77   24.79   -0.31   29.44    0.80   26.90    0.06
2019   9   20.01   -0.72   24.63   -0.30   29.34    0.68   26.75    0.02
2019  10   20.27   -0.78   25.14    0.18   29.51    0.87   27.20    0.53
2019  11   21.55   -0.15   25.43    0.39   29.46    0.90   27.22    0.59
2019  12   22.77   -0.11   25.47    0.27   29.41    0.97   27.12    0.56
2020   1   24.20   -0.35   25.88    0.21   29.16    0.92   27.14    0.59
2020   2   26.12    0.10   26.50    0.09   28.97    0.87   27.11    0.37
2020   3   26.42    0.00   27.41    0.25   29.07    0.87   27.76    0.52
2020   4   25.81    0.35   27.85    0.37   29.15    0.70   28.17    0.46
2020   5   24.28    0.01   26.92   -0.24   29.00    0.26   27.65   -0.16
2020   6   22.42   -0.59   25.93   -0.57   29.09    0.30   27.38   -0.21
2020   7   20.68   -1.25   25.22   -0.47   28.89    0.15   26.99   -0.19
2020   8   20.02   -0.99   24.53   -0.57   28.50   -0.14   26.30   -0.53
